     0/299        0G    0.1076    0.0353         0    0.1429         2       640         0         0         0         0   0.03787   0.02547         0
     1/299        0G   0.08029   0.03217         0    0.1125         2       640         0         0  0.004864  0.001101   0.03834   0.02451         0
     2/299        0G    0.1014   0.03066         0    0.1321         3       640         0         0   0.00412 0.0005419   0.03863   0.02429         0
     3/299        0G   0.08932   0.03336         0    0.1227         2       640         0         0  0.004643 0.0009578   0.03861   0.02354         0
     4/299        0G   0.08972   0.03228         0     0.122         1       640         0         0  0.004502  0.001193   0.03806   0.02229         0
     5/299        0G   0.09961   0.03199         0    0.1316         4       640         0         0  0.001292 0.0007755   0.03803   0.02169         0
     6/299        0G   0.08455   0.02879         0    0.1133         2       640         0         0  0.001629 0.0009774   0.03807   0.02146         0
     7/299        0G   0.08556   0.03031         0    0.1159         2       640         0         0   0.01592  0.003956   0.03704   0.02122         0
     8/299        0G   0.08351     0.031         0    0.1145         2       640         0         0    0.0234  0.008347   0.03663   0.02105         0
     9/299        0G   0.08448   0.03256         0     0.117         6       640         0         0   0.04834  0.008372   0.03687   0.02015         0
    10/299        0G   0.07409   0.03123         0    0.1053         4       640         0         0   0.01982  0.005945    0.0366   0.01987         0
    11/299        0G   0.08709   0.03241         0    0.1195         2       640         0         0  0.004299 0.0006662   0.03486   0.01976         0
    12/299        0G   0.07824   0.03073         0     0.109         1       640         0         0   0.05138   0.01028   0.03501   0.01912         0
    13/299        0G   0.08306   0.02813         0    0.1112         1       640         0         0   0.03133  0.003133   0.03497   0.01889         0
    14/299        0G   0.07158   0.03005         0    0.1016         2       640         0         0   0.03112  0.006224   0.03467   0.01876         0
    15/299        0G   0.09068   0.03177         0    0.1224         4       640         0         0   0.05889   0.02278   0.03285   0.01843         0
    16/299        0G   0.07534   0.03115         0    0.1065         1       640         0         0   0.06409   0.01741   0.03261   0.01807         0
    17/299        0G   0.08267    0.0328         0    0.1155         2       640         0         0   0.08262   0.02948   0.03238   0.01764         0
    18/299        0G   0.07317   0.03213         0    0.1053         4       640         0         0    0.1328   0.05041   0.03175   0.01695         0
    19/299        0G   0.07616    0.0312         0    0.1074         1       640         0         0   0.05428   0.02714    0.0327    0.0163         0
    20/299        0G   0.06592   0.02899         0   0.09491         4       640         0         0   0.06401  0.006401   0.03098   0.01646         0
    21/299        0G   0.06797   0.02716         0   0.09513         4       640         0         0   0.06401  0.006401   0.03098   0.01646         0
    22/299        0G   0.06412   0.02895         0   0.09307         2       640         0         0   0.06401  0.006401   0.03098   0.01646         0
    23/299        0G   0.06612   0.03181         0   0.09793         4       640         0         0   0.06401  0.006401   0.03098   0.01646         0
    24/299        0G   0.07524   0.02994         0    0.1052         2       640         0         0   0.06401  0.006401   0.03098   0.01646         0
    25/299        0G   0.06673   0.02835         0   0.09508         1       640         0         0   0.06401  0.006401   0.03098   0.01646         0
    26/299        0G    0.0675   0.02912         0   0.09662         1       640         0         0   0.06401  0.006401   0.03098   0.01646         0
    27/299        0G   0.07917   0.03098         0    0.1102         2       640         0         0   0.06401  0.006401   0.03098   0.01646         0
    28/299        0G    0.0718   0.03534         0    0.1071         5       640         0         0   0.06401  0.006401   0.03098   0.01646         0
    29/299        0G    0.0606   0.02797         0   0.08857         4       640         0         0   0.06401  0.006401   0.03098   0.01646         0
    30/299        0G   0.06599   0.02482         0   0.09081         1       640         0         0   0.06401  0.006401   0.03098   0.01646         0
    31/299        0G   0.06497   0.02934         0   0.09431         5       640         0         0   0.06401  0.006401   0.03098   0.01646         0
    32/299        0G   0.06922   0.02711         0   0.09633         1       640         0         0   0.06401  0.006401   0.03098   0.01646         0
    33/299        0G   0.05761    0.0259         0   0.08352         3       640         0         0   0.06401  0.006401   0.03098   0.01646         0
    34/299        0G   0.06061   0.02908         0   0.08968         1       640         0         0   0.06401  0.006401   0.03098   0.01646         0
    35/299        0G   0.07507   0.03066         0    0.1057         3       640         0         0   0.06401  0.006401   0.03098   0.01646         0
    36/299        0G   0.07352   0.03155         0    0.1051         2       640         0         0   0.06401  0.006401   0.03098   0.01646         0
    37/299        0G   0.06663    0.0303         0   0.09692         2       640         0         0   0.06401  0.006401   0.03098   0.01646         0
    38/299        0G   0.06449   0.02935         0   0.09384         3       640         0         0   0.06401  0.006401   0.03098   0.01646         0
    39/299        0G   0.06742   0.03251         0   0.09993         3       640         0         0   0.06401  0.006401   0.03098   0.01646         0
    40/299        0G   0.07674   0.03137         0    0.1081         2       640         0         0   0.06401  0.006401   0.03098   0.01646         0
    41/299        0G   0.07904   0.03502         0    0.1141         3       640         0         0   0.06401  0.006401   0.03098   0.01646         0
    42/299        0G   0.07375   0.02867         0    0.1024         2       640         0         0   0.06401  0.006401   0.03098   0.01646         0
    43/299        0G   0.07398   0.03248         0    0.1065         2       640         0         0   0.06401  0.006401   0.03098   0.01646         0
    44/299        0G   0.07787   0.02957         0    0.1074         4       640         0         0   0.06401  0.006401   0.03098   0.01646         0
    45/299        0G    0.0694   0.03206         0    0.1015         5       640         0         0   0.06401  0.006401   0.03098   0.01646         0
    46/299        0G   0.06909   0.02854         0   0.09763         3       640         0         0   0.06401  0.006401   0.03098   0.01646         0
    47/299        0G   0.07039   0.03274         0    0.1031         4       640         0         0   0.06401  0.006401   0.03098   0.01646         0
    48/299        0G   0.07191   0.03075         0    0.1027         3       640         0         0   0.06401  0.006401   0.03098   0.01646         0
    49/299        0G   0.06276   0.02985         0   0.09261         1       640         0         0   0.06401  0.006401   0.03098   0.01646         0
    50/299        0G   0.07804    0.0329         0    0.1109         4       640         0         0   0.06401  0.006401   0.03098   0.01646         0
    51/299        0G   0.06926   0.03095         0    0.1002         3       640         0         0    0.2745   0.02745   0.03133   0.01626         0
    52/299        0G   0.05796   0.03054         0    0.0885         5       640         0         0    0.2745   0.02745   0.03133   0.01626         0
    53/299        0G   0.07334   0.02863         0     0.102         3       640         0         0    0.2745   0.02745   0.03133   0.01626         0
    54/299        0G   0.06243   0.02841         0   0.09084         5       640         0         0    0.3142    0.1123   0.02864   0.01618         0
    55/299        0G   0.06964   0.02791         0   0.09755         3       640         0         0    0.3142    0.1123   0.02864   0.01618         0
    56/299        0G   0.07702   0.03363         0    0.1106         3       640         0         0    0.3142    0.1123   0.02864   0.01618         0
    57/299        0G   0.06995   0.03063         0    0.1006         4       640         0         0    0.3586   0.05787   0.02842   0.01636         0
    58/299        0G   0.06263   0.02692         0   0.08954         1       640         0         0    0.3586   0.05787   0.02842   0.01636         0
    59/299        0G   0.06388   0.02752         0    0.0914         3       640         0         0    0.3586   0.05787   0.02842   0.01636         0
    60/299        0G   0.05515   0.02531         0   0.08046         4       640         0         0    0.1075   0.01447   0.02718   0.01607         0
    61/299        0G   0.05384   0.02467         0   0.07851         5       640         0         0    0.1075   0.01447   0.02718   0.01607         0
    62/299        0G   0.06128   0.03107         0   0.09235         5       640         0         0    0.1075   0.01447   0.02718   0.01607         0
    63/299        0G   0.06394   0.02549         0   0.08944         2       640         0         0    0.1075   0.01447   0.02718   0.01607         0
    64/299        0G   0.05816   0.02662         0   0.08478         1       640         0         0    0.1047   0.03142   0.02686   0.01568         0
    65/299        0G   0.05328   0.02228         0   0.07556         2       640         0         0    0.1047   0.03142   0.02686   0.01568         0
    66/299        0G    0.0654   0.02708         0   0.09248         1       640         0         0    0.1047   0.03142   0.02686   0.01568         0
    67/299        0G   0.05816   0.02447         0   0.08263         4       640         0         0    0.1284   0.01721   0.02682   0.01571         0
    68/299        0G   0.05772   0.02491         0   0.08264         2       640         0         0    0.1284   0.01721   0.02682   0.01571         0
    69/299        0G   0.06511   0.02538         0   0.09049         4       640         0         0    0.1284   0.01721   0.02682   0.01571         0
    70/299        0G   0.06085   0.02863         0   0.08948         2       640         0         0    0.1416   0.03009   0.02612   0.01526         0
    71/299        0G    0.0644   0.03162         0   0.09602         4       640         0         0    0.1416   0.03009   0.02612   0.01526         0
    72/299        0G   0.06191   0.02687         0   0.08879         4       640         0         0    0.1416   0.03009   0.02612   0.01526         0
    73/299        0G   0.05707   0.02501         0   0.08208         4       640         0         0    0.1169   0.01346   0.02403    0.0156         0
    74/299        0G   0.07667    0.0286         0    0.1053         1       640         0         0    0.1169   0.01346   0.02403    0.0156         0
    75/299        0G   0.06955   0.03049         0       0.1         3       640         0         0    0.1169   0.01346   0.02403    0.0156         0
    76/299        0G   0.05119   0.02123         0   0.07242         2       640         0         0   0.07223   0.01286    0.0213   0.01608         0
    77/299        0G   0.06289   0.02798         0   0.09086         3       640         0         0   0.07223   0.01286    0.0213   0.01608         0
    78/299        0G   0.04731   0.02179         0    0.0691         2       640         0         0   0.07223   0.01286    0.0213   0.01608         0
    79/299        0G   0.05633   0.02683         0   0.08316         1       640         0         0   0.07223   0.01286    0.0213   0.01608         0
    80/299        0G   0.05801   0.02345         0   0.08146         1       640         0         0     0.145   0.01661   0.02023   0.01608         0
    81/299        0G   0.05685   0.02386         0   0.08071         2       640         0         0     0.145   0.01661   0.02023   0.01608         0
    82/299        0G   0.07438   0.02915         0    0.1035         5       640         0         0     0.145   0.01661   0.02023   0.01608         0
    83/299        0G   0.05576    0.0231         0   0.07886         2       640         0         0   0.06768   0.01624   0.02307   0.01525         0
    84/299        0G   0.05631   0.02853         0   0.08485         3       640         0         0   0.06768   0.01624   0.02307   0.01525         0
    85/299        0G   0.06176   0.02363         0   0.08538         4       640         0         0   0.06768   0.01624   0.02307   0.01525         0
    86/299        0G   0.05732   0.02284         0   0.08016         4       640         0         0    0.1223   0.05006   0.01794   0.01633         0
    87/299        0G   0.05564   0.02328         0   0.07893         3       640         0         0    0.1223   0.05006   0.01794   0.01633         0
    88/299        0G   0.06428   0.02833         0   0.09261         4       640         0         0    0.1223   0.05006   0.01794   0.01633         0
    89/299        0G   0.05718   0.03086         0   0.08804         3       640    0.2087       0.5    0.2753   0.05781   0.01928   0.01515         0
    90/299        0G   0.06277   0.02681         0   0.08958         3       640    0.2087       0.5    0.2753   0.05781   0.01928   0.01515         0
    91/299        0G   0.03819   0.01787         0   0.05605         2       640    0.2087       0.5    0.2753   0.05781   0.01928   0.01515         0
    92/299        0G   0.06039   0.02764         0   0.08803         4       640    0.1503       0.5    0.5213    0.2098   0.01675   0.01576         0
    93/299        0G   0.05786    0.0263         0   0.08416         4       640    0.1503       0.5    0.5213    0.2098   0.01675   0.01576         0
    94/299        0G   0.05143   0.02595         0   0.07738         1       640    0.1503       0.5    0.5213    0.2098   0.01675   0.01576         0
    95/299        0G   0.05594   0.02811         0   0.08405         4       640    0.1503       0.5    0.5213    0.2098   0.01675   0.01576         0
    96/299        0G   0.05405   0.02461         0   0.07866         4       640    0.1544       0.5    0.5506    0.1184   0.01864   0.01364         0
    97/299        0G   0.05248   0.02795         0   0.08044         3       640    0.1544       0.5    0.5506    0.1184   0.01864   0.01364         0
    98/299        0G   0.05581   0.01931         0   0.07512         1       640    0.1544       0.5    0.5506    0.1184   0.01864   0.01364         0
    99/299        0G   0.05581   0.02619         0     0.082         6       640     0.348       0.5    0.6061   0.07712   0.02036    0.0121         0
   100/299        0G   0.05712   0.02571         0   0.08283         4       640     0.348       0.5    0.6061   0.07712   0.02036    0.0121         0
   101/299        0G   0.05074   0.02501         0   0.07575         1       640     0.348       0.5    0.6061   0.07712   0.02036    0.0121         0
   102/299        0G   0.04996   0.02077         0   0.07073         4       640    0.1861       0.5    0.5091    0.1025   0.02162   0.01386         0
   103/299        0G   0.05103   0.02178         0    0.0728         1       640    0.1861       0.5    0.5091    0.1025   0.02162   0.01386         0
   104/299        0G   0.05011   0.02187         0   0.07198         4       640    0.1861       0.5    0.5091    0.1025   0.02162   0.01386         0
   105/299        0G   0.03811   0.01635         0   0.05446         2       640     0.139       0.5    0.5172    0.1574   0.01608   0.01388         0
   106/299        0G    0.0512   0.02476         0   0.07596         5       640     0.139       0.5    0.5172    0.1574   0.01608   0.01388         0
   107/299        0G   0.06029    0.0243         0   0.08458         4       640     0.139       0.5    0.5172    0.1574   0.01608   0.01388         0
   108/299        0G    0.0519   0.02084         0   0.07274         4       640    0.2251       0.5    0.3063   0.03646   0.02257    0.0115         0
   109/299        0G   0.05261   0.02331         0   0.07592         1       640    0.2251       0.5    0.3063   0.03646   0.02257    0.0115         0
   110/299        0G   0.05196   0.02601         0   0.07797         1       640    0.2251       0.5    0.3063   0.03646   0.02257    0.0115         0
   111/299        0G   0.04976   0.02205         0   0.07181         2       640    0.2251       0.5    0.3063   0.03646   0.02257    0.0115         0
   112/299        0G   0.05042   0.02176         0   0.07219         2       640    0.1582       0.5    0.2559   0.04209   0.02468   0.01091         0
   113/299        0G   0.04771   0.01961         0   0.06733         6       640    0.1582       0.5    0.2559   0.04209   0.02468   0.01091         0
   114/299        0G   0.05423   0.02012         0   0.07435         2       640    0.1582       0.5    0.2559   0.04209   0.02468   0.01091         0
   115/299        0G   0.05162   0.02014         0   0.07176         1       640    0.1654       0.5    0.2487   0.07438   0.02577  0.009592         0
   116/299        0G   0.05638   0.02743         0   0.08381         6       640    0.1654       0.5    0.2487   0.07438   0.02577  0.009592         0
   117/299        0G   0.05568   0.02484         0   0.08052         5       640    0.1654       0.5    0.2487   0.07438   0.02577  0.009592         0
   118/299        0G   0.04972   0.02216         0   0.07188         2       640    0.1996       0.5    0.3904   0.06733   0.02541  0.009036         0
   119/299        0G   0.04511   0.02089         0   0.06601         4       640    0.1996       0.5    0.3904   0.06733   0.02541  0.009036         0
   120/299        0G   0.04683   0.02262         0   0.06946         2       640    0.1996       0.5    0.3904   0.06733   0.02541  0.009036         0
   121/299        0G   0.05027   0.02198         0   0.07225         4       640    0.2552       0.5    0.3904    0.1666    0.0239    0.0101         0
   122/299        0G   0.05528     0.023         0   0.07828         4       640    0.2552       0.5    0.3904    0.1666    0.0239    0.0101         0
   123/299        0G   0.06075    0.0307         0   0.09145         3       640    0.2552       0.5    0.3904    0.1666    0.0239    0.0101         0
   124/299        0G   0.05979   0.02463         0   0.08442         4       640    0.2867       0.5    0.3904   0.06379    0.0247  0.009108         0
   125/299        0G   0.05084   0.02677         0   0.07761         2       640    0.2867       0.5    0.3904   0.06379    0.0247  0.009108         0
   126/299        0G   0.03337    0.0148         0   0.04817         2       640    0.2867       0.5    0.3904   0.06379    0.0247  0.009108         0
   127/299        0G   0.05106   0.01885         0   0.06991         4       640    0.2867       0.5    0.3904   0.06379    0.0247  0.009108         0
   128/299        0G   0.04551   0.02301         0   0.06853         1       640    0.2372       0.5    0.4142    0.1325   0.02342  0.009338         0
   129/299        0G   0.05191   0.02632         0   0.07824         3       640    0.2372       0.5    0.4142    0.1325   0.02342  0.009338         0
   130/299        0G    0.0539   0.02224         0   0.07614         2       640    0.2372       0.5    0.4142    0.1325   0.02342  0.009338         0
   131/299        0G   0.05142   0.02118         0    0.0726         2       640    0.2873       0.5    0.3725    0.1118   0.02318  0.009733         0
   132/299        0G   0.04542   0.01926         0   0.06468         1       640    0.2873       0.5    0.3725    0.1118   0.02318  0.009733         0
   133/299        0G   0.04794   0.02101         0   0.06895         5       640    0.2873       0.5    0.3725    0.1118   0.02318  0.009733         0
   134/299        0G   0.04992   0.02218         0    0.0721         6       640    0.4114       0.5    0.3586    0.1076   0.02262   0.01031         0
   135/299        0G   0.04479   0.02247         0   0.06725         2       640    0.4114       0.5    0.3586    0.1076   0.02262   0.01031         0
   136/299        0G   0.03838   0.01701         0   0.05539         1       640    0.4114       0.5    0.3586    0.1076   0.02262   0.01031         0
   137/299        0G   0.05885   0.02749         0   0.08634         4       640    0.2805       0.5     0.695    0.4065   0.01889  0.009967         0
   138/299        0G   0.05213   0.02322         0   0.07535         2       640    0.2805       0.5     0.695    0.4065   0.01889  0.009967         0
   139/299        0G   0.04951   0.01941         0   0.06891         3       640    0.2805       0.5     0.695    0.4065   0.01889  0.009967         0
   140/299        0G   0.05034   0.02326         0   0.07361         1       640    0.2057       0.5    0.6617    0.2975   0.02077  0.009161         0
   141/299        0G   0.04231   0.02005         0   0.06236         2       640    0.2057       0.5    0.6617    0.2975   0.02077  0.009161         0
   142/299        0G   0.05052   0.01912         0   0.06964         2       640    0.2057       0.5    0.6617    0.2975   0.02077  0.009161         0
   143/299        0G   0.04212   0.02079         0   0.06291         3       640    0.2057       0.5    0.6617    0.2975   0.02077  0.009161         0
   144/299        0G   0.04154   0.01709         0   0.05863         3       640     0.189       0.5    0.6379    0.2409   0.01954   0.00964         0
   145/299        0G   0.04865   0.02175         0   0.07041         1       640     0.189       0.5    0.6379    0.2409   0.01954   0.00964         0
   146/299        0G   0.04677   0.02045         0   0.06722         4       640     0.189       0.5    0.6379    0.2409   0.01954   0.00964         0
   147/299        0G   0.04255   0.01864         0   0.06119         2       640    0.3451    0.8169     0.695    0.0893   0.01701   0.01013         0
   148/299        0G   0.03699   0.01422         0   0.05121         2       640    0.3451    0.8169     0.695    0.0893   0.01701   0.01013         0
   149/299        0G   0.05485   0.02387         0   0.07871         2       640    0.3451    0.8169     0.695    0.0893   0.01701   0.01013         0
   150/299        0G   0.04455   0.01897         0   0.06352         2       640    0.4338    0.8014    0.4975    0.2978   0.01613  0.009992         0
   151/299        0G   0.04871   0.02245         0   0.07116         5       640    0.4338    0.8014    0.4975    0.2978   0.01613  0.009992         0
   152/299        0G   0.04749   0.01956         0   0.06705         3       640    0.4338    0.8014    0.4975    0.2978   0.01613  0.009992         0
   153/299        0G   0.04664    0.0217         0   0.06834         6       640    0.6548    0.9644    0.8283    0.2815   0.01625  0.009634         0
   154/299        0G   0.05789   0.02997         0   0.08786         2       640    0.6548    0.9644    0.8283    0.2815   0.01625  0.009634         0
   155/299        0G   0.04943   0.02197         0    0.0714         3       640    0.6548    0.9644    0.8283    0.2815   0.01625  0.009634         0
   156/299        0G   0.03824   0.01923         0   0.05747         4       640    0.3838         1    0.4475     0.159   0.01924  0.008689         0
   157/299        0G   0.03867    0.0217         0   0.06038         3       640    0.3838         1    0.4475     0.159   0.01924  0.008689         0
   158/299        0G   0.04302   0.02052         0   0.06354         3       640    0.3838         1    0.4475     0.159   0.01924  0.008689         0
   159/299        0G   0.04787   0.02272         0    0.0706         6       640    0.3838         1    0.4475     0.159   0.01924  0.008689         0
   160/299        0G   0.04798   0.02166         0   0.06964         5       640    0.2112       0.5    0.4142    0.1323   0.02019  0.008679         0
   161/299        0G    0.0413   0.01839         0    0.0597         3       640    0.2112       0.5    0.4142    0.1323   0.02019  0.008679         0
   162/299        0G    0.0395   0.01935         0   0.05885         2       640    0.2112       0.5    0.4142    0.1323   0.02019  0.008679         0
   163/299        0G   0.04479   0.02251         0   0.06731         2       640    0.2035       0.5    0.4142     0.149   0.01953  0.008608         0
   164/299        0G   0.04328   0.01882         0    0.0621         4       640    0.2035       0.5    0.4142     0.149   0.01953  0.008608         0
   165/299        0G   0.04375   0.01841         0   0.06215         1       640    0.2035       0.5    0.4142     0.149   0.01953  0.008608         0
   166/299        0G   0.04851   0.01969         0    0.0682         2       640    0.3903         1     0.745    0.3225   0.01745  0.008211         0
   167/299        0G   0.04629   0.02166         0   0.06795         2       640    0.3903         1     0.745    0.3225   0.01745  0.008211         0
   168/299        0G    0.0466   0.01791         0    0.0645         2       640    0.3903         1     0.745    0.3225   0.01745  0.008211         0
   169/299        0G   0.04165   0.01784         0   0.05949         1       640    0.3157         1     0.695    0.5055    0.0161  0.008017         0
   170/299        0G   0.03676   0.01873         0   0.05549         3       640    0.3157         1     0.695    0.5055    0.0161  0.008017         0
   171/299        0G    0.0505   0.01901         0   0.06951         1       640    0.3157         1     0.695    0.5055    0.0161  0.008017         0
   172/299        0G   0.04999   0.01861         0    0.0686         2       640    0.7478         1     0.995    0.6455   0.01296  0.007916         0
   173/299        0G    0.0399     0.021         0    0.0609         4       640    0.7478         1     0.995    0.6455   0.01296  0.007916         0
   174/299        0G   0.03958   0.02199         0   0.06158         2       640    0.7478         1     0.995    0.6455   0.01296  0.007916         0
   175/299        0G   0.04298   0.02101         0   0.06399         4       640    0.7478         1     0.995    0.6455   0.01296  0.007916         0
   176/299        0G   0.04874   0.02009         0   0.06883         4       640    0.4992         1     0.995     0.795   0.01273  0.007718         0
   177/299        0G   0.04113   0.01755         0   0.05868         4       640    0.4992         1     0.995     0.795   0.01273  0.007718         0
   178/299        0G   0.04908   0.01905         0   0.06813         2       640    0.4992         1     0.995     0.795   0.01273  0.007718         0
   179/299        0G   0.04349   0.01498         0   0.05847         3       640    0.5257         1    0.8283     0.596   0.01419  0.007499         0
   180/299        0G   0.04028   0.01802         0    0.0583         3       640    0.5257         1    0.8283     0.596   0.01419  0.007499         0
   181/299        0G   0.04171   0.01816         0   0.05986         2       640    0.5257         1    0.8283     0.596   0.01419  0.007499         0
   182/299        0G   0.04661   0.02234         0   0.06895         2       640    0.5368         1    0.8283     0.596   0.01394   0.00736         0
   183/299        0G   0.04321   0.01716         0   0.06037         2       640    0.5368         1    0.8283     0.596   0.01394   0.00736         0
   184/299        0G   0.04034   0.02009         0   0.06043         4       640    0.5368         1    0.8283     0.596   0.01394   0.00736         0
   185/299        0G   0.02905   0.01535         0    0.0444         1       640    0.5962         1     0.995    0.7455   0.01384  0.007868         0
   186/299        0G   0.04223   0.01807         0   0.06031         2       640    0.5962         1     0.995    0.7455   0.01384  0.007868         0
   187/299        0G   0.03697   0.01742         0   0.05439         1       640    0.5962         1     0.995    0.7455   0.01384  0.007868         0
   188/299        0G   0.03801   0.01786         0   0.05587         2       640    0.4589         1    0.8283    0.4472   0.01563  0.007225         0
   189/299        0G   0.04494   0.01864         0   0.06358         1       640    0.4589         1    0.8283    0.4472   0.01563  0.007225         0
   190/299        0G   0.03421   0.01436         0   0.04857         2       640    0.4589         1    0.8283    0.4472   0.01563  0.007225         0
   191/299        0G   0.03382    0.0167         0   0.05051         2       640    0.4589         1    0.8283    0.4472   0.01563  0.007225         0
   192/299        0G   0.04206   0.01822         0   0.06028         2       640    0.3208         1     0.745    0.2109   0.01705  0.007214         0
   193/299        0G   0.04838   0.02331         0   0.07169         4       640    0.3208         1     0.745    0.2109   0.01705  0.007214         0
   194/299        0G    0.0388   0.02066         0   0.05947         3       640    0.3208         1     0.745    0.2109   0.01705  0.007214         0
   195/299        0G   0.04952   0.02045         0   0.06997         4       640    0.3649         1     0.745     0.273    0.0162  0.006999         0
   196/299        0G   0.04784   0.01995         0   0.06779         2       640    0.3649         1     0.745     0.273    0.0162  0.006999         0
   197/299        0G   0.04693    0.0185         0   0.06542         5       640    0.3649         1     0.745     0.273    0.0162  0.006999         0
   198/299        0G   0.04431   0.01781         0   0.06212         2       640    0.4482         1    0.8283     0.596   0.01416  0.006786         0
   199/299        0G   0.03602   0.01951         0   0.05553         6       640    0.4482         1    0.8283     0.596   0.01416  0.006786         0
   200/299        0G   0.03805   0.01851         0   0.05656         4       640    0.4482         1    0.8283     0.596   0.01416  0.006786         0
   201/299        0G   0.03213    0.0167         0   0.04883         1       640    0.5378         1     0.995     0.696   0.01357  0.006833         0
   202/299        0G   0.03775   0.01689         0   0.05464         2       640    0.5378         1     0.995     0.696   0.01357  0.006833         0
   203/299        0G   0.04311    0.0188         0   0.06192         2       640    0.5378         1     0.995     0.696   0.01357  0.006833         0
   204/299        0G   0.04105   0.01956         0   0.06061         1       640    0.5419         1    0.8283     0.596    0.0142  0.007025         0
   205/299        0G   0.03697   0.01597         0   0.05293         1       640    0.5419         1    0.8283     0.596    0.0142  0.007025         0
   206/299        0G   0.04223   0.01979         0   0.06201         4       640    0.5419         1    0.8283     0.596    0.0142  0.007025         0
   207/299        0G   0.03713   0.01901         0   0.05614         1       640    0.5419         1    0.8283     0.596    0.0142  0.007025         0
   208/299        0G   0.03403   0.01519         0   0.04922         1       640    0.5421         1    0.8283    0.6788   0.01323  0.007088         0
   209/299        0G   0.03342   0.01603         0   0.04945         1       640    0.5421         1    0.8283    0.6788   0.01323  0.007088         0
   210/299        0G   0.03965     0.018         0   0.05765         3       640    0.5421         1    0.8283    0.6788   0.01323  0.007088         0
   211/299        0G   0.03986   0.01949         0   0.05935         2       640    0.5041         1    0.8283    0.6455   0.01394  0.007154         0
   212/299        0G   0.04456   0.01789         0   0.06245         5       640    0.5041         1    0.8283    0.6455   0.01394  0.007154         0
   213/299        0G   0.04105   0.01898         0   0.06003         1       640    0.5041         1    0.8283    0.6455   0.01394  0.007154         0
   214/299        0G   0.04332   0.01975         0   0.06307         4       640    0.5394         1    0.8283    0.5135   0.01603  0.007143         0
   215/299        0G   0.03867   0.01521         0   0.05388         6       640    0.5394         1    0.8283    0.5135   0.01603  0.007143         0
   216/299        0G    0.0329   0.01524         0   0.04813         4       640    0.5394         1    0.8283    0.5135   0.01603  0.007143         0
   217/299        0G   0.03555   0.01721         0   0.05276         2       640    0.5392         1    0.8283    0.6293   0.01289  0.006768         0
   218/299        0G   0.03663   0.01814         0   0.05477         4       640    0.5392         1    0.8283    0.6293   0.01289  0.006768         0
   219/299        0G   0.03423   0.01373         0   0.04796         3       640    0.5392         1    0.8283    0.6293   0.01289  0.006768         0
   220/299        0G   0.03661   0.01627         0   0.05288         2       640    0.5452         1     0.995    0.6965   0.01201  0.006706         0
   221/299        0G   0.04453   0.02273         0   0.06726         2       640    0.5452         1     0.995    0.6965   0.01201  0.006706         0
   222/299        0G   0.04052   0.01725         0   0.05777         1       640    0.5452         1     0.995    0.6965   0.01201  0.006706         0
   223/299        0G   0.03606   0.01915         0   0.05521         3       640    0.5452         1     0.995    0.6965   0.01201  0.006706         0
   224/299        0G    0.0327   0.01545         0   0.04815         4       640    0.5442         1     0.995     0.746   0.01248  0.006675         0
   225/299        0G   0.03511   0.01995         0   0.05506         6       640    0.5442         1     0.995     0.746   0.01248  0.006675         0
   226/299        0G   0.03575   0.01707         0   0.05281         2       640    0.5442         1     0.995     0.746   0.01248  0.006675         0
   227/299        0G   0.03593   0.01511         0   0.05104         4       640     0.577         1     0.995    0.7455   0.01355  0.006552         0
   228/299        0G   0.03164   0.01337         0   0.04501         1       640     0.577         1     0.995    0.7455   0.01355  0.006552         0
   229/299        0G   0.03738   0.01885         0   0.05623         2       640     0.577         1     0.995    0.7455   0.01355  0.006552         0
   230/299        0G     0.033   0.01436         0   0.04736         2       640    0.4546         1    0.8283    0.5627    0.0136  0.006786         0
   231/299        0G   0.03658   0.01586         0   0.05244         0       640    0.4546         1    0.8283    0.5627    0.0136  0.006786         0
   232/299        0G   0.04273   0.01881         0   0.06154         4       640    0.4546         1    0.8283    0.5627    0.0136  0.006786         0
   233/299        0G   0.03543    0.0176         0   0.05303         5       640    0.5751         1     0.995    0.6955    0.0125  0.006659         0
   234/299        0G   0.03726   0.02068         0   0.05794         2       640    0.5751         1     0.995    0.6955    0.0125  0.006659         0
   235/299        0G   0.04138      0.02         0   0.06138         5       640    0.5751         1     0.995    0.6955    0.0125  0.006659         0
   236/299        0G   0.03388   0.01935         0   0.05323         4       640    0.5593         1     0.995     0.795   0.01246  0.006399         0
   237/299        0G   0.03908    0.0157         0   0.05478         4       640    0.5593         1     0.995     0.795   0.01246  0.006399         0
   238/299        0G   0.03639   0.01774         0   0.05413         3       640    0.5593         1     0.995     0.795   0.01246  0.006399         0
   239/299        0G   0.03735   0.01923         0   0.05658         6       640    0.5593         1     0.995     0.795   0.01246  0.006399         0
   240/299        0G   0.03825   0.02044         0    0.0587         4       640    0.5669         1     0.995    0.6955   0.01316  0.006639         0
   241/299        0G   0.03272   0.01437         0   0.04708         1       640    0.5669         1     0.995    0.6955   0.01316  0.006639         0
   242/299        0G    0.0393   0.02007         0   0.05937         4       640    0.5669         1     0.995    0.6955   0.01316  0.006639         0
   243/299        0G   0.03655   0.01495         0    0.0515         1       640    0.5651         1     0.995     0.746   0.01219  0.006775         0
   244/299        0G   0.03643   0.01576         0   0.05219         4       640    0.5651         1     0.995     0.746   0.01219  0.006775         0
   245/299        0G   0.03046   0.01963         0   0.05009         1       640    0.5651         1     0.995     0.746   0.01219  0.006775         0
   246/299        0G   0.03933   0.02156         0   0.06089         4       640    0.7907         1     0.995     0.746   0.01145   0.00691         0
   247/299        0G    0.0284   0.01543         0   0.04383         3       640    0.7907         1     0.995     0.746   0.01145   0.00691         0
   248/299        0G   0.03039   0.01395         0   0.04434         4       640    0.7907         1     0.995     0.746   0.01145   0.00691         0
   249/299        0G   0.04062   0.01592         0   0.05653         3       640    0.7425         1     0.995    0.7955  0.009323  0.006782         0
   250/299        0G   0.04057   0.02088         0   0.06146         6       640    0.7425         1     0.995    0.7955  0.009323  0.006782         0
   251/299        0G   0.03533   0.01641         0   0.05174         1       640    0.7425         1     0.995    0.7955  0.009323  0.006782         0
   252/299        0G   0.03688   0.01898         0   0.05585         2       640    0.5607         1     0.995    0.7455   0.01003  0.006415         0
   253/299        0G   0.04099   0.02002         0   0.06101         3       640    0.5607         1     0.995    0.7455   0.01003  0.006415         0
   254/299        0G   0.03477   0.01776         0   0.05253         6       640    0.5607         1     0.995    0.7455   0.01003  0.006415         0
   255/299        0G   0.03241   0.01551         0   0.04792         1       640    0.5607         1     0.995    0.7455   0.01003  0.006415         0
   256/299        0G   0.03114   0.01382         0   0.04496         3       640    0.5436         1     0.995    0.7455   0.01071  0.006267         0
   257/299        0G   0.02861   0.01669         0   0.04529         2       640    0.5436         1     0.995    0.7455   0.01071  0.006267         0
   258/299        0G   0.03605   0.01565         0    0.0517         2       640    0.5436         1     0.995    0.7455   0.01071  0.006267         0
   259/299        0G   0.03265   0.01794         0   0.05059         3       640    0.5369         1     0.995    0.6465    0.0116  0.006507         0
   260/299        0G   0.02777   0.01663         0   0.04439         4       640    0.5369         1     0.995    0.6465    0.0116  0.006507         0
   261/299        0G   0.03401   0.01851         0   0.05251         4       640    0.5369         1     0.995    0.6465    0.0116  0.006507         0
   262/299        0G   0.03177   0.01505         0   0.04682         2       640     0.575         1     0.995     0.696   0.01089  0.006756         0
   263/299        0G   0.03629   0.01698         0   0.05327         1       640     0.575         1     0.995     0.696   0.01089  0.006756         0
   264/299        0G   0.02559    0.0107         0   0.03629         3       640     0.575         1     0.995     0.696   0.01089  0.006756         0
   265/299        0G   0.03046   0.01725         0   0.04771         6       640    0.7375         1     0.995     0.696   0.01028  0.006911         0
   266/299        0G   0.03178    0.0163         0   0.04808         1       640    0.7375         1     0.995     0.696   0.01028  0.006911         0
   267/299        0G   0.03296    0.0185         0   0.05146         7       640    0.7375         1     0.995     0.696   0.01028  0.006911         0
   268/299        0G    0.0263   0.01503         0   0.04133         1       640    0.4428         1    0.8283     0.596   0.01194   0.00684         0
   269/299        0G   0.02855   0.01336         0   0.04191         2       640    0.4428         1    0.8283     0.596   0.01194   0.00684         0
   270/299        0G   0.03314   0.01756         0    0.0507         3       640    0.4428         1    0.8283     0.596   0.01194   0.00684         0
   271/299        0G   0.02949   0.01487         0   0.04437         2       640    0.4428         1    0.8283     0.596   0.01194   0.00684         0
   272/299        0G   0.03527   0.01677         0   0.05204         8       640     0.442         1    0.8283     0.596   0.01227  0.006793         0
   273/299        0G   0.03072   0.01768         0    0.0484         1       640     0.442         1    0.8283     0.596   0.01227  0.006793         0
   274/299        0G   0.03467     0.016         0   0.05066         3       640     0.442         1    0.8283     0.596   0.01227  0.006793         0
   275/299        0G   0.03633   0.01664         0   0.05296         2       640    0.4421         1    0.8283    0.4637   0.01311  0.006833         0
   276/299        0G   0.03527     0.017         0   0.05227         1       640    0.4421         1    0.8283    0.4637   0.01311  0.006833         0
   277/299        0G   0.03587   0.01934         0   0.05521         6       640    0.4421         1    0.8283    0.4637   0.01311  0.006833         0
   278/299        0G   0.03828   0.01687         0   0.05515         6       640    0.4482         1    0.8283    0.5627   0.01171  0.006818         0
   279/299        0G    0.0358   0.01824         0   0.05404         2       640    0.4482         1    0.8283    0.5627   0.01171  0.006818         0
   280/299        0G    0.0361   0.01618         0   0.05229         3       640    0.4482         1    0.8283    0.5627   0.01171  0.006818         0
   281/299        0G   0.03827   0.01657         0   0.05484         2       640    0.5795         1     0.995     0.646   0.01163  0.006661         0
   282/299        0G   0.03042   0.01457         0   0.04499         1       640    0.5795         1     0.995     0.646   0.01163  0.006661         0
   283/299        0G   0.03626   0.01675         0   0.05301         1       640    0.5795         1     0.995     0.646   0.01163  0.006661         0
   284/299        0G   0.03796   0.01945         0   0.05741         5       640    0.5819         1     0.995     0.696   0.01236  0.006537         0
   285/299        0G   0.02501   0.01328         0   0.03828         4       640    0.5819         1     0.995     0.696   0.01236  0.006537         0
   286/299        0G   0.02411   0.01322         0   0.03733         1       640    0.5819         1     0.995     0.696   0.01236  0.006537         0
   287/299        0G   0.02814   0.01474         0   0.04287         2       640    0.5819         1     0.995     0.696   0.01236  0.006537         0
   288/299        0G   0.03911    0.0186         0   0.05771         4       640    0.6021         1     0.995    0.6465   0.01257  0.006636         0
   289/299        0G   0.02622   0.01466         0   0.04088         1       640    0.6021         1     0.995    0.6465   0.01257  0.006636         0
   290/299        0G    0.0327   0.01589         0   0.04859         2       640    0.6021         1     0.995    0.6465   0.01257  0.006636         0
   291/299        0G   0.03148   0.01827         0   0.04975         3       640    0.5556         1     0.995     0.597   0.01313  0.006592         0
   292/299        0G   0.02725   0.01482         0   0.04206         1       640    0.5556         1     0.995     0.597   0.01313  0.006592         0
   293/299        0G   0.03598   0.01822         0    0.0542         3       640    0.5556         1     0.995     0.597   0.01313  0.006592         0
   294/299        0G   0.03516   0.01831         0   0.05347         2       640    0.5703         1     0.995     0.597   0.01209  0.006619         0
   295/299        0G   0.03876   0.01642         0   0.05518         3       640    0.5703         1     0.995     0.597   0.01209  0.006619         0
   296/299        0G   0.03001   0.01585         0   0.04586         2       640    0.5703         1     0.995     0.597   0.01209  0.006619         0
   297/299        0G   0.02977   0.01432         0   0.04409         1       640     0.582         1     0.995     0.696   0.01213  0.006341         0
   298/299        0G   0.03146   0.01642         0   0.04788         2       640     0.582         1     0.995     0.696   0.01213  0.006341         0
   299/299        0G   0.02879   0.01459         0   0.04338         1       640     0.582         1     0.995     0.696   0.01213  0.006341         0
